148.65 -1959.78 256.03 -0.21 -179.84 0.00
371.82 -1534.26 256.03 -0.54 89.82 0.00
-44.26 -607.07 256.03 0.63 0.42 0.00
861.52 43.06 256.03 -0.24 -90.29 0.00
689.74 -345.22 272.03 0.52 89.41 0.00
64.44 1.73 512.03 0.13 88.59 0.00
247.23 909.51 320.03 -0.30 -91.09 0.00
156.26 1055.99 512.03 0.79 179.56 0.00
-358.32 2050.41 530.96 10.78 -175.29 0.00
-306.48 1856.14 512.03 -0.32 179.20 0.00
-878.26 1582.32 512.03 0.08 -0.14 0.00
-1233.12 1659.59 512.03 0.90 179.62 0.00
-1604.72 1280.71 512.03 1.29 -0.49 0.00
-1435.03 754.48 512.03 -0.19 90.03 0.00
-1055.86 1452.26 512.03 0.24 -89.51 0.00
-941.54 1134.32 512.03 0.68 0.19 0.00
-152.42 666.48 512.03 1.15 90.20 0.00
-869.98 718.87 536.03 0.38 -89.15 0.00
-475.43 621.26 512.03 0.11 -90.44 0.00
-812.76 118.95 512.03 0.33 -0.51 0.00
-607.79 -300.26 512.03 -0.38 89.73 0.00
-1011.73 -448.13 512.03 0.16 179.28 0.00
-854.57 -1191.59 424.03 2.11 -179.69 0.00
-1127.41 -1259.51 424.03 -6.65 89.55 0.00
-658.12 -608.59 324.03 0.16 -89.14 0.00
-1549.51 -720.21 320.03 -1.26 -0.81 0.00
-1528.56 -435.03 320.03 35.42 -0.09 0.00
-1611.09 -251.97 320.03 -0.24 -0.06 0.00
-1219.73 -279.82 320.03 0.30 -178.78 0.00
-1583.87 541.86 344.98 -0.41 -0.72 0.00
-1853.51 478.57 424.03 2.25 -1.16 0.00
-842.47 669.96 320.03 17.13 88.51 0.00
-480.23 82.45 320.03 -0.19 91.72 0.00
-622.24 979.28 320.03 1.15 0.78 0.00
170.65 -207.58 320.03 0.66 179.98 0.00
-323.35 -129.70 320.03 -0.41 -90.17 0.00
-424.00 1123.61 536.28 0.33 90.14 0.00
-1196.28 6.22 512.03 0.77 -90.49 0.00
