4872.99 6394.30 -871.96 -0.87 -0.05 0.00
4841.43 6124.31 -863.96 1.84 -91.00 0.00
5354.63 7112.85 -991.96 2.09 -89.73 0.00
5327.70 7250.99 -781.96 2.33 -1.04 0.00
5483.00 7258.44 -781.96 3.54 -89.89 0.00
5408.32 5578.81 -863.96 0.38 -0.62 0.00
5831.94 6023.20 -863.96 1.78 0.22 0.00
5759.83 5616.07 -863.96 58.54 0.06 0.00
5873.89 6729.75 -863.77 -0.71 -89.99 0.00
6260.05 6726.70 -863.96 -0.43 0.80 0.00
6504.25 7208.61 -863.96 0.30 -34.08 0.00
6745.59 7212.94 -921.02 -3.24 -89.93 0.00
7217.39 7202.40 -850.54 -0.79 -89.54 0.00
7416.20 6229.49 -854.38 -0.24 -179.52 0.00
7121.37 4262.65 -863.96 -1.23 90.13 0.00
6492.68 4237.70 -863.96 -0.02 89.17 0.00
6479.64 4926.38 -863.96 -0.05 0.15 0.00
7445.51 7173.64 -531.96 -0.32 -179.90 0.00
7231.80 7192.91 -559.96 -0.43 90.16 0.00
6965.74 7218.28 -531.96 13.61 -111.10 0.00
7421.24 5944.49 -531.96 0.49 -179.71 0.00
7385.41 4261.83 -531.96 -0.43 89.59 0.00
7039.22 4326.03 -531.96 62.89 179.18 0.00
6016.52 5540.94 -899.90 -3.68 -90.72 0.00
6151.22 5517.23 -895.70 -3.82 -91.62 0.00
6393.54 5011.24 -863.96 -0.68 179.27 0.00
4819.66 5582.54 -863.96 -0.10 -89.86 0.00
4655.55 5507.04 -863.96 -0.79 -0.32 0.00
5353.92 5017.77 -831.96 3.63 90.64 0.00
4900.87 4253.53 -866.87 -0.02 90.09 0.00
5086.29 4418.75 -365.89 1.01 90.83 0.00
6398.87 4433.59 -368.82 2.66 90.42 0.00
6770.42 5022.21 -607.96 0.85 179.66 0.00
5044.62 4926.90 -831.96 1.07 -89.44 0.00
5044.05 4188.03 -831.96 0.55 0.72 0.00
5077.77 3845.63 -831.96 30.71 39.93 0.00
6307.34 4782.60 -735.96 0.93 -0.95 0.00
6041.50 4935.96 -735.96 1.12 -90.87 0.00
6414.21 3933.08 -735.96 -0.49 -179.37 0.00
6415.87 4179.15 -735.96 -0.35 178.86 0.00
5855.99 3611.07 -735.96 -13.94 179.11 0.00
5132.43 4441.26 -541.45 5.17 179.74 0.00
5041.92 4726.25 -607.96 -0.87 -89.41 0.00
6314.89 3696.97 -607.96 -0.52 90.51 0.00
5753.14 4832.48 -607.96 0.13 -89.05 0.00
6211.31 4218.68 -607.96 0.77 -0.50 0.00
6221.22 3959.39 -607.96 1.12 35.65 0.00
6506.49 3836.05 -607.96 0.46 90.21 0.00
6731.10 3829.24 -607.96 1.12 89.08 0.00
6741.78 4102.85 -607.96 0.79 178.93 0.00
