-1044.15 -2026.52 -151.96 -0.16 90.38 0.00
-1081.27 -1523.98 -121.06 0.63 1.86 0.00
-635.38 -2148.82 -237.96 -0.43 90.88 0.00
-987.99 -1171.40 -151.96 2.91 21.44 0.00
-1137.21 -584.22 -151.96 1.29 179.16 0.00
-1139.79 -406.85 -151.96 2.83 -1.20 0.00
-1132.35 -198.67 -151.96 1.18 -0.07 0.00
-888.32 61.19 -151.84 -0.16 179.93 0.00
-1383.78 -32.65 8.03 -1.04 89.68 0.00
-725.85 885.34 -159.96 -0.98 0.41 0.00
-943.12 868.89 -151.96 0.27 142.29 0.00
-1327.96 1295.88 -151.96 0.99 -0.07 0.00
-1025.53 1389.54 0.03 -0.41 -90.16 0.00
-810.44 2031.83 9.02 -0.85 -90.32 0.00
-602.11 2157.78 8.03 1.56 -91.80 0.00
-254.44 2532.85 8.03 0.11 -41.67 0.00
-318.04 2350.75 8.03 -0.24 -1.16 0.00
-94.48 2543.99 -63.96 1.62 -89.74 0.00
334.77 2638.16 8.03 0.08 -90.75 0.00
493.51 2425.30 0.03 -0.27 -179.47 0.00
991.68 2437.62 128.03 0.35 179.12 0.00
553.54 2202.07 128.03 -0.10 -0.82 0.00
992.41 1985.51 128.03 0.60 -179.82 0.00
571.15 2542.26 0.03 1.70 -90.31 0.00
958.00 2305.51 0.03 1.67 90.14 0.00
552.02 2196.00 0.03 0.79 0.21 0.00
1002.55 2035.13 0.03 -0.85 178.80 0.00
598.86 1366.23 48.03 8.60 32.44 0.00
919.40 994.04 -101.46 -5.08 104.47 0.00
-176.37 608.00 -150.96 -0.13 89.92 0.00
74.54 617.45 -150.96 0.96 88.96 0.00
144.99 431.55 -151.96 0.79 -67.42 0.00
166.12 86.28 -151.96 2.75 1.13 0.00
146.45 -89.48 -151.96 0.19 -0.13 0.00
1070.59 -53.20 -151.96 0.55 179.30 0.00
1066.54 -682.47 -151.96 -0.57 179.33 0.00
990.61 -797.51 -151.96 1.29 90.40 0.00
556.50 -472.20 -159.96 -0.74 90.07 0.00
164.87 -757.20 -151.96 -0.38 89.90 0.00
-431.96 -106.56 -151.96 2.22 -0.09 0.00
-313.90 -83.34 -151.96 -0.10 -88.78 0.00
-229.12 -673.23 -150.96 0.63 179.67 0.00
-392.12 -1259.56 -151.96 35.64 139.77 0.00
-246.57 -1072.04 -151.96 0.71 155.11 0.00
-281.73 -143.94 -31.96 0.93 179.97 0.00
-692.27 155.31 8.03 -0.10 91.43 0.00
-277.35 682.05 8.03 1.18 -178.64 0.00
-5.38 1275.56 -151.96 0.79 -178.28 0.00
-10.94 1441.85 -151.96 1.40 -178.44 0.00
-338.74 1813.51 -151.96 0.11 -89.82 0.00
-408.05 1225.86 -55.96 0.60 179.80 0.00
-590.47 1582.09 -7.96 2.39 -89.44 0.00
-33.73 1935.25 -159.96 2.69 -179.16 0.00
