233.31 -2499.35 -157.89 -1.01 -0.53 0.00
2041.91 -2654.83 -152.14 -0.52 82.95 0.00
1859.46 -2294.49 -155.96 0.02 -88.77 0.00
1155.09 -2272.05 -148.23 -2.14 -90.23 0.00
1511.23 -457.79 -117.07 2.14 177.97 0.00
550.39 -1071.93 -151.96 -0.21 -179.79 0.00
242.09 -720.47 -151.96 -1.26 179.12 0.00
-208.40 -522.97 -119.96 0.77 -0.66 0.00
-111.94 -839.49 -119.96 0.49 88.10 0.00
-108.24 40.86 -114.86 2.69 -82.61 0.00
21.56 146.98 -117.41 1.67 0.07 0.00
644.48 342.30 -151.09 -0.13 -90.31 0.00
1053.82 -144.83 -144.81 -1.89 90.36 0.00
1472.32 -177.31 -116.86 1.98 87.17 0.00
1564.00 -456.96 -85.96 0.33 -1.23 0.00
1848.61 -486.94 -87.96 -0.24 91.02 0.00
1678.23 -172.45 -87.96 -0.35 91.33 0.00
1517.96 100.23 -88.38 -0.10 178.64 0.00
1886.31 298.12 -151.96 -0.93 90.86 0.00
1343.79 546.09 -151.96 -1.45 1.21 0.00
1345.18 762.47 -156.30 -3.35 85.42 0.00
635.45 1230.71 -156.73 -2.47 -1.47 0.00
421.56 1961.09 -124.59 -1.01 -90.54 0.00
310.76 1734.20 -159.96 -1.01 -0.04 0.00
73.87 1183.19 -156.28 -0.21 90.51 0.00
247.40 1950.45 -156.66 -1.45 -124.53 0.00
-214.03 1658.40 -144.97 0.02 -83.72 0.00
-92.59 235.39 -114.97 3.24 89.77 0.00
703.23 1225.44 -15.96 -0.46 -179.00 0.00
318.47 1360.12 -15.96 1.43 -0.01 0.00
589.75 636.00 321.08 89.00 -91.66 0.00
260.05 -1369.02 -277.67 1.24 -40.13 0.00
1047.15 -1331.30 -281.81 1.54 164.24 0.00
1046.40 -380.79 -273.05 0.55 0.12 0.00
1879.20 -404.29 -275.30 0.77 90.16 0.00
1899.76 840.67 -281.16 -0.21 -91.03 0.00
870.86 755.48 -303.96 -0.31 -0.61 0.00
1022.71 692.32 -303.96 0.64 89.74 0.00
312.23 1958.90 -280.42 3.11 -21.10 0.00
627.19 1963.67 -305.83 1.49 -89.82 0.00
468.65 1134.87 -15.96 1.74 -179.60 0.00
524.93 1079.56 -15.96 1.88 -1.76 0.00
27.32 1050.23 -15.96 -0.26 -0.00 0.00
25.71 815.79 -15.96 1.08 0.62 0.00
588.25 847.72 -15.96 3.47 -55.46 0.00
577.77 498.19 -15.96 0.72 179.59 0.00
500.74 352.13 -15.96 0.03 -136.39 0.00
25.09 719.66 -15.96 0.36 -0.93 0.00
509.34 634.26 -151.96 0.36 -90.36 0.00
418.63 298.97 -151.96 1.30 179.30 0.00
34.03 1127.93 -151.96 -0.23 -39.90 0.00
703.38 1128.86 -151.96 0.17 -145.11 0.00
706.19 933.75 -151.96 -0.37 179.35 0.00
208.53 734.59 -151.96 -0.29 1.76 0.00
1263.02 757.38 -151.96 -0.42 -179.32 0.00
771.34 597.12 -151.96 0.06 -0.73 0.00
1253.75 354.37 -151.96 2.26 90.40 0.00
1153.74 631.67 -23.96 1.27 -90.07 0.00
1299.96 561.49 -23.96 0.91 0.39 0.00
