-1597.83 -50.45 -239.96 0.27 -90.29 0.00
-1678.28 -411.04 -239.96 0.99 0.28 0.00
-1506.82 -1584.02 -327.95 1.37 -178.88 0.00
-1431.81 -1282.47 -327.95 0.60 -89.56 0.00
-874.48 -1213.54 -239.96 0.74 90.22 0.00
-464.01 -1404.18 -239.96 6.48 -179.82 0.00
-1464.51 -1821.09 -335.95 -1.12 -1.20 0.00
-1301.94 -2140.78 -335.95 -0.40 37.66 0.00
-723.45 -2143.72 -335.95 -1.09 91.26 0.00
-524.07 -1612.03 -335.95 -0.30 -89.43 0.00
-257.73 -1746.31 -335.95 0.74 -172.77 0.00
-15.43 -2127.79 -335.95 -0.15 89.94 0.00
-19.62 -1644.41 -335.95 -0.01 0.10 0.00
291.17 -1326.43 -279.95 0.85 1.03 0.00
1168.38 -890.09 -159.96 0.49 -178.41 0.00
767.20 -1092.95 -251.44 1.23 -87.95 0.00
1079.93 -2062.44 -305.17 -0.75 88.48 0.00
1352.82 -1470.63 -329.04 -2.07 -178.44 0.00
1046.55 -463.07 -159.96 -0.60 -179.77 0.00
1418.00 -80.04 -159.96 -0.46 -90.54 0.00
1328.03 -386.38 -159.96 -0.26 0.45 0.00
1859.09 -543.96 -159.96 0.58 89.69 0.00
1817.74 -147.84 -139.94 0.61 -178.78 0.00
2168.09 -365.53 -159.96 0.44 89.69 0.00
2308.94 51.72 -159.96 -0.59 179.75 0.00
1933.53 156.31 -159.96 -0.46 -179.77 0.00
1136.03 300.29 -159.96 0.19 -0.06 0.00
1545.34 336.18 -159.96 -0.29 179.37 0.00
1789.51 662.24 -159.96 -1.17 179.87 0.00
1534.87 917.64 -159.96 -0.32 -179.22 0.00
675.42 1037.93 -159.96 -0.29 -90.34 0.00
534.29 405.67 -159.96 -0.21 -0.19 0.00
748.88 -198.41 -127.96 2.59 -179.74 0.00
602.05 -143.45 -159.96 0.94 179.70 0.00
597.34 -264.12 -159.96 -0.37 -1.57 0.00
464.55 -420.65 -159.96 -1.17 -90.00 0.00
359.27 -434.07 -159.96 -0.51 -179.90 0.00
450.73 19.10 -159.96 0.25 90.91 0.00
97.07 287.64 -159.96 -0.40 -90.03 0.00
-352.75 -120.75 -159.96 -2.99 0.19 0.00
-892.65 -226.53 -159.96 0.14 -0.79 0.00
-862.54 -18.25 -159.96 -0.07 -0.68 0.00
-315.09 724.34 -159.96 -0.29 179.30 0.00
97.04 -1124.96 -223.96 4.73 -89.96 0.00
15.96 -872.15 -279.96 1.76 -178.93 0.00
-132.14 -713.74 -279.96 2.53 -89.74 0.00
-357.50 -498.86 -252.54 1.90 -179.86 0.00
-454.61 -965.40 -278.72 1.93 179.33 0.00
-1178.82 337.23 -324.42 -0.40 -88.26 0.00
-836.95 363.71 -367.96 -0.10 -88.28 0.00
-853.48 272.55 -367.96 -1.36 0.09 0.00
-1191.48 1246.98 -415.88 0.66 88.45 0.00
-752.35 1241.91 -277.16 1.51 -128.02 0.00
