-2235.12 1210.48 -287.38 1.26 -179.53 0.00
-2645.09 1225.60 -313.87 -0.76 -89.88 0.00
-3043.45 492.26 -282.94 0.08 -0.89 0.00
-2946.05 180.42 -289.82 -0.13 -0.89 0.00
-3000.65 -297.38 -316.51 0.33 -0.94 0.00
-3035.30 -1105.84 -219.29 0.66 69.25 0.00
-2998.63 -1209.84 -222.77 1.32 -19.29 0.00
-2258.72 -1353.03 -202.69 0.46 87.54 0.00
-2029.54 -1317.31 -223.77 0.35 0.28 0.00
-1426.48 -993.31 -217.98 -0.05 179.61 0.00
-1139.88 -1630.43 -208.39 -0.79 93.29 0.00
-946.13 -1633.51 -223.41 -0.76 90.27 0.00
-1087.86 -697.92 -202.74 0.41 -89.87 0.00
-1221.60 -995.34 -210.85 0.24 -91.11 0.00
-697.44 -1663.60 -222.73 -0.41 87.63 0.00
-557.84 -1660.08 -223.90 -1.09 88.26 0.00
-297.84 -1661.77 -221.35 -0.93 85.87 0.00
300.69 -1672.83 -200.08 -0.02 92.71 0.00
491.35 -293.76 -209.84 0.16 179.97 0.00
174.52 -583.07 -217.85 0.00 90.98 0.00
-1.77 -272.18 -223.96 0.19 -90.15 0.00
-950.09 -30.76 -200.77 2.58 -89.95 0.00
-1739.20 -621.52 -207.96 -0.85 86.01 0.00
-1558.56 199.46 -184.61 -0.68 -121.74 0.00
-2024.88 522.74 -196.65 -0.98 47.87 0.00
-1937.32 1239.28 -206.64 -0.57 -92.65 0.00
-1563.16 965.21 -203.63 -0.54 -135.98 0.00
-1108.32 219.88 -189.25 0.79 -177.45 0.00
-1027.80 876.15 -187.07 0.44 -89.89 0.00
-1312.05 877.51 -188.84 0.60 -87.86 0.00
188.44 530.45 -175.96 -1.12 90.75 0.00
279.69 893.54 -190.08 0.05 -92.17 0.00
152.69 176.81 -214.04 -0.32 0.66 0.00
412.12 -131.67 -211.12 2.25 127.76 0.00
632.52 17.80 -201.72 0.60 91.41 0.00
1385.67 23.18 -219.93 -1.07 138.02 0.00
1391.96 397.59 -215.46 18.89 -179.70 0.00
1712.13 361.30 -220.96 -1.18 -89.81 0.00
2237.24 481.52 -261.70 1.32 -48.97 0.00
2841.64 454.31 -264.21 -0.35 -123.96 0.00
2955.70 -368.92 -191.97 0.33 -179.86 0.00
2923.33 18.79 -191.96 1.56 0.33 0.00
1259.58 717.51 -535.39 -19.79 -0.51 0.00
684.24 958.89 -504.79 -0.13 -92.08 0.00
-159.53 927.51 -496.99 0.19 -92.11 0.00
-664.43 926.64 -507.82 -0.10 -89.66 0.00
-807.57 827.35 -495.87 -0.41 -0.81 0.00
-807.69 325.85 -508.07 -0.68 -1.50 0.00
-56.48 306.16 -475.58 2.53 179.03 0.00
46.64 -148.32 -507.87 -0.98 -89.61 0.00
-749.51 -982.84 -506.07 0.46 0.17 0.00
-388.11 -1252.30 -534.97 -0.87 91.97 0.00
