-2891.83 -2030.40 48.03 1.10 29.82 0.00
-2937.54 -1776.96 176.03 0.85 6.55 0.00
-2987.67 -1500.99 48.03 1.10 -0.37 0.00
-2100.62 -1968.76 -18.39 -0.85 94.36 0.00
-1913.70 -1582.91 2.70 0.16 177.77 0.00
-2958.68 -1238.26 32.03 1.54 89.41 0.00
-2550.46 -630.53 24.17 -1.23 175.71 0.00
-2925.75 -449.94 12.03 -1.29 -92.65 0.00
-2065.03 -1251.12 0.03 2.72 14.53 0.00
-1320.03 -1299.38 0.03 -0.93 -172.70 0.00
-1718.10 -803.88 0.03 0.19 -75.05 0.00
-1819.57 -1043.89 0.03 0.22 -80.39 0.00
-1763.83 -1644.26 96.03 3.41 92.33 0.00
-2573.36 -493.51 -81.82 11.52 43.16 0.00
-2476.66 -121.46 -242.29 0.30 5.08 0.00
-2034.26 -32.98 -231.55 -12.26 -122.62 0.00
-3158.15 -379.37 22.07 0.49 -167.50 0.00
-3466.57 -550.32 32.03 0.71 -1.51 0.00
-3039.91 68.68 32.03 0.05 -139.23 0.00
-3122.52 -267.68 -18.86 1.56 162.10 0.00
-3367.11 382.39 0.03 -0.13 2.41 0.00
-3124.38 614.88 0.03 -0.52 -100.23 0.00
-2753.47 345.73 0.03 0.88 88.65 0.00
-2858.55 640.65 0.03 1.98 3.05 0.00
-2777.02 -175.99 -95.96 0.77 90.47 0.00
-2652.03 -113.34 -95.96 -6.65 -179.48 0.00
-2747.94 -22.65 -223.96 3.08 1.76 0.00
-2493.84 35.33 -239.96 2.06 85.25 0.00
-2027.32 158.40 -239.96 -1.67 179.90 0.00
-2463.50 562.41 -229.72 -3.46 50.19 0.00
-2839.96 1264.14 0.03 19.82 179.96 0.00
-2684.46 1827.13 16.03 1.92 21.79 0.00
-2656.76 2454.71 16.03 1.43 30.62 0.00
-2536.78 2645.26 16.03 1.10 -74.75 0.00
-1356.55 2592.51 -63.96 -3.62 -177.77 0.00
-1316.74 1926.23 -12.11 -3.40 176.15 0.00
-1305.26 892.45 64.03 0.38 126.73 0.00
-1359.68 1578.60 64.03 -0.08 -97.19 0.00
-1959.71 445.12 -175.96 2.99 57.54 0.00
-1750.05 799.96 -63.96 4.34 -91.00 0.00
-1227.49 2448.43 320.03 0.93 61.95 0.00
-1283.85 2622.26 320.03 8.41 -134.09 0.00
-1282.22 2723.36 320.03 12.70 134.41 0.00
-1146.42 2807.79 128.03 0.11 -5.17 0.00
-387.80 2669.53 -223.96 1.54 -89.15 0.00
-661.26 2600.31 -59.96 1.26 -49.58 0.00
375.10 2284.75 -255.49 -0.08 149.45 0.00
330.25 2200.46 -291.60 -6.65 175.58 0.00
-484.37 1882.27 -128.46 6.13 41.63 0.00
415.28 2715.87 64.03 18.09 46.28 0.00
583.79 2027.87 64.03 0.08 179.35 0.00
247.84 668.90 30.71 -0.85 90.83 0.00
-199.30 669.70 30.90 -0.30 87.43 0.00
-271.58 671.33 30.90 0.16 90.62 0.00
-362.65 1120.81 128.03 1.29 -2.92 0.00
484.59 1050.52 30.50 -0.24 137.32 0.00
-1004.65 676.11 16.03 -1.01 -1.32 0.00
-1310.45 605.51 0.03 0.27 -91.63 0.00
-972.17 -10.53 128.03 15.04 53.20 0.00
-860.76 -86.11 128.03 3.05 -49.83 0.00
-696.45 -163.19 -30.72 -0.87 -0.00 0.00
-522.51 -331.27 -29.57 -0.46 85.79 0.00
40.23 -24.31 -25.23 0.71 -133.18 0.00
660.68 12.15 0.03 1.84 -131.09 0.00
808.33 -333.04 0.03 0.68 -141.90 0.00
822.08 -884.95 -109.56 -0.76 165.40 0.00
677.36 -1352.47 -79.96 0.13 167.00 0.00
467.63 -1373.93 -79.96 23.56 75.31 0.00
-111.93 -1221.60 -103.68 -3.05 27.93 0.00
-1138.44 -590.26 -31.96 0.13 13.47 0.00
-746.84 -790.43 -31.96 -0.82 100.20 0.00
-657.01 -547.55 -31.96 0.96 -1.81 0.00
-815.77 -1051.12 -123.16 0.16 30.57 0.00
-1072.96 -1239.96 -87.96 7.04 -91.82 0.00
