-1796.94 994.53 -157.96 0.41 0.88 0.00
-1510.17 1072.94 -157.96 -1.15 -89.83 0.00
-1211.04 490.34 -157.96 -0.22 -179.75 0.00
-1719.47 382.65 -159.56 -0.79 -90.29 0.00
-1173.73 -268.30 -158.96 -1.01 90.78 0.00
-762.59 405.86 -157.96 1.10 -90.87 0.00
-1066.87 407.93 -157.96 -0.30 -89.22 0.00
-459.62 -120.93 -108.96 -0.27 90.26 0.00
-375.52 201.49 -108.96 0.96 -179.80 0.00
-755.01 20.07 -157.96 0.46 -179.99 0.00
-1078.96 -34.22 -157.96 -0.10 -0.75 0.00
-1074.50 -357.32 -157.96 -0.63 0.07 0.00
-546.98 -172.37 -157.96 -2.25 -87.87 0.00
-611.42 -720.63 24.03 2.86 0.34 0.00
-286.14 -469.03 24.03 0.88 -89.79 0.00
-1076.11 -791.43 -157.96 -0.68 -11.33 0.00
-683.54 -1056.43 -157.96 -0.54 90.05 0.00
-1082.87 -476.42 -157.96 -0.32 -0.14 0.00
-703.17 -431.01 -85.73 3.82 -90.06 0.00
-271.56 -1455.65 -111.96 0.60 91.07 0.00
192.97 -1453.47 -112.96 1.15 106.41 0.00
127.16 -1003.31 -172.02 -2.03 89.97 0.00
-407.67 -741.46 -158.96 -1.15 1.83 0.00
-307.55 -477.44 -158.96 -2.30 -67.10 0.00
-371.13 -416.51 -157.96 0.22 88.98 0.00
421.65 -369.58 -157.96 0.24 179.90 0.00
562.96 -534.12 -157.96 -0.24 -179.16 0.00
264.47 -822.57 -157.96 1.18 47.43 0.00
468.34 -1339.14 -157.96 -0.08 -0.18 0.00
984.91 -1455.99 -157.96 -0.60 90.14 0.00
1327.51 -302.09 -157.96 0.19 179.46 0.00
855.38 -311.36 -157.96 -0.82 0.88 0.00
1452.30 -831.72 -157.96 -0.93 161.54 0.00
1554.70 -1054.96 -158.96 0.74 -93.43 0.00
2497.49 -947.21 -158.96 -0.13 179.60 0.00
2021.69 -534.96 -158.96 -0.79 0.14 0.00
2460.51 -490.67 -158.96 -0.38 90.51 0.00
3300.21 -415.14 -112.96 0.77 140.75 0.00
3306.51 315.59 -158.96 -0.27 179.19 0.00
2768.16 362.56 -158.96 -0.96 -94.61 0.00
1775.27 -135.52 -158.96 -0.76 89.22 0.00
2311.53 320.08 -158.96 -1.01 179.84 0.00
2066.98 889.96 -122.96 -0.79 -92.21 0.00
1728.26 941.95 -158.96 -0.93 179.84 0.00
860.98 457.72 -157.96 0.08 -89.95 0.00
832.05 -39.73 -157.96 -0.57 -0.17 0.00
1685.12 462.26 -157.96 0.13 -89.18 0.00
1044.02 536.51 -158.96 -0.76 0.18 0.00
1034.03 1611.28 -70.96 -0.87 -89.57 0.00
873.72 1687.74 -69.96 -0.16 -0.11 0.00
1303.13 1996.00 -6.96 1.04 -179.71 0.00
1038.26 2162.50 -69.96 0.00 179.73 0.00
325.38 2259.72 -83.96 0.57 -88.79 0.00
692.98 633.70 -69.96 -0.65 91.05 0.00
959.68 1496.93 -69.96 0.52 177.40 0.00
535.39 1435.57 -69.96 -0.32 91.18 0.00
728.39 2009.51 -69.96 -0.32 -89.01 0.00
66.36 2214.70 -84.96 -0.54 -90.17 0.00
-277.16 2257.67 -84.96 0.00 -88.77 0.00
-86.27 1806.03 -85.96 -0.52 162.63 0.00
416.22 1291.73 -84.96 -1.42 90.25 0.00
423.02 1934.26 -22.35 0.33 -90.93 0.00
461.96 1329.07 75.03 0.57 -179.70 0.00
-145.71 1514.65 -85.96 0.55 -90.58 0.00
-900.10 1440.26 -84.96 -0.57 -89.94 0.00
-839.21 844.75 -102.85 2.00 -87.17 0.00
-307.11 973.30 -85.96 1.15 -89.78 0.00
-286.48 -126.81 -150.29 0.44 0.03 0.00
112.63 -111.49 -158.10 -0.54 -179.84 0.00
85.67 467.67 -156.15 -1.04 -90.44 0.00
518.67 783.65 -158.96 -0.74 -90.41 0.00
545.75 -292.01 -23.96 2.99 89.82 0.00
773.15 -130.52 -150.06 0.16 129.01 0.00
774.72 439.32 -158.96 -0.24 179.44 0.00
