791.93 -1722.82 64.91 1.12 -0.57 0.00
749.52 -1137.51 70.96 0.38 177.13 0.00
702.36 -883.11 75.15 0.05 177.92 0.00
755.10 -598.89 46.58 1.32 176.66 0.00
594.53 -24.05 13.21 0.66 -91.04 0.00
-173.01 -21.99 4.48 1.04 -93.35 0.00
-480.46 -629.23 16.33 3.71 -88.23 0.00
-50.71 -1348.56 2.95 0.66 178.83 0.00
258.66 -1839.96 66.01 0.44 89.93 0.00
-367.58 -1839.96 67.97 0.30 88.86 0.00
-730.00 -1839.96 74.58 0.19 90.40 0.00
-792.42 -1607.48 64.03 -0.82 -4.14 0.00
-633.12 -675.71 0.03 -0.24 179.44 0.00
-868.65 -587.50 0.03 0.79 2.84 0.00
-697.22 -45.88 0.03 -0.19 -86.83 0.00
-310.69 221.50 0.03 -0.68 178.95 0.00
-1130.68 343.09 32.03 1.29 1.30 0.00
-38.12 211.10 0.03 -0.93 0.45 0.00
283.51 83.66 7.85 -0.30 90.76 0.00
474.96 407.90 7.06 -0.32 91.94 0.00
748.99 821.69 9.03 1.95 177.60 0.00
-1359.96 653.47 32.03 -0.68 -0.40 0.00
-1308.65 551.40 -63.96 2.36 1.52 0.00
317.52 820.72 8.03 0.09 179.69 0.00
-1270.03 811.89 -174.05 -0.59 52.92 0.00
-920.04 1067.87 -185.83 -0.15 176.78 0.00
-915.33 1430.93 -172.80 -0.97 179.61 0.00
-1295.96 1489.77 0.03 -0.01 1.11 0.00
-1082.70 1315.76 0.03 1.11 90.65 0.00
-1377.57 2251.67 -175.96 -0.29 -89.74 0.00
-1608.12 2064.00 32.03 -0.34 89.53 0.00
-1745.96 2270.68 32.03 0.31 0.70 0.00
-1996.67 2848.89 32.03 0.67 -3.52 0.00
-1768.84 3524.33 1.38 -0.37 -1.90 0.00
-578.99 3749.04 22.45 -0.84 -133.15 0.00
-420.18 3085.18 23.65 -0.40 2.03 0.00
809.41 3694.41 48.03 -0.56 -178.91 0.00
1691.67 3765.74 48.03 0.31 -179.98 0.00
1471.91 3818.51 48.03 0.36 -89.56 0.00
1822.15 3503.96 -117.46 1.27 -87.58 0.00
1644.61 2840.48 -108.34 0.34 89.23 0.00
1043.34 3276.25 -114.77 -0.62 -1.39 0.00
662.07 2075.34 0.03 -2.46 89.95 0.00
409.46 2076.30 6.26 2.59 90.07 0.00
-572.76 2074.20 4.36 1.35 90.12 0.00
-108.90 1826.23 32.03 0.47 0.06 0.00
-235.55 1553.93 32.03 1.11 -0.21 0.00
-137.68 1197.03 32.03 -0.20 0.33 0.00
492.86 1325.96 32.03 1.38 -87.96 0.00
650.27 1325.96 32.03 0.39 -90.13 0.00
1427.93 1418.54 26.02 0.17 -90.84 0.00
1951.42 1280.01 32.03 -0.20 -91.20 0.00
2312.08 1227.67 32.03 0.83 -88.64 0.00
2543.16 1176.59 32.03 0.58 -179.44 0.00
2589.52 562.37 0.38 -0.84 177.52 0.00
2206.04 288.54 0.30 -0.40 90.62 0.00
1874.66 408.34 1.79 0.39 90.85 0.00
1700.68 407.23 6.60 -1.44 90.46 0.00
1270.63 859.09 0.68 -0.81 -91.63 0.00
887.07 876.96 0.03 0.28 -92.65 0.00
