-243.69 2278.45 -121.96 1.81 -92.52 0.00
-182.25 2006.83 -120.68 2.61 85.95 0.00
-50.86 2261.69 -126.77 1.54 -77.36 0.00
-39.58 2008.05 -124.81 1.70 89.94 0.00
93.57 2360.18 -126.96 0.22 -36.99 0.00
457.20 2524.83 -126.96 -0.05 -89.65 0.00
568.18 2376.09 29.77 16.63 -35.86 0.00
998.03 2371.63 25.81 2.22 -111.93 0.00
281.47 2261.57 96.03 0.88 -1.73 0.00
563.34 2774.53 96.03 1.23 -91.58 0.00
771.46 2726.97 96.03 0.96 -90.12 0.00
1056.41 3035.94 153.09 3.71 -46.97 0.00
987.67 2457.10 96.03 0.57 179.42 0.00
1412.90 3042.52 136.81 2.03 88.51 0.00
1755.13 2234.62 66.90 3.35 -131.34 0.00
1768.35 927.92 64.03 1.12 179.46 0.00
1695.52 345.52 64.03 0.88 89.54 0.00
1438.46 182.69 -179.85 -10.06 90.06 0.00
1106.39 218.40 5.96 0.24 90.61 0.00
1181.59 1193.30 1.10 -0.41 -89.83 0.00
924.66 1195.08 40.13 0.44 -88.92 0.00
674.97 1185.49 13.86 0.44 -90.82 0.00
745.95 553.76 0.92 -0.02 176.88 0.00
640.51 -404.58 8.00 -0.74 90.01 0.00
-610.02 605.53 17.59 3.16 -50.26 0.00
-719.51 382.55 10.59 -0.13 -1.86 0.00
-493.02 -32.79 2.03 1.73 -1.17 0.00
-542.43 -505.13 18.31 0.22 -0.34 0.00
144.03 19.63 6.23 -0.65 -5.07 0.00
158.26 -123.65 44.13 0.88 -1.91 0.00
392.09 -757.62 1.69 6.57 -1.77 0.00
-729.09 -611.64 156.03 0.30 -90.45 0.00
-987.29 -986.98 155.92 0.99 130.97 0.00
-1128.45 -181.37 149.33 -0.49 -90.09 0.00
-2184.78 -813.44 129.67 0.96 -169.51 0.00
-1461.19 -991.52 148.05 1.29 91.48 0.00
-1353.42 26.18 12.51 -1.15 89.69 0.00
-1270.69 187.31 10.41 0.19 179.04 0.00
-1270.62 280.67 7.90 -0.41 177.88 0.00
-1331.33 555.20 32.03 0.22 177.03 0.00
-2031.00 571.53 32.03 0.57 -87.51 0.00
-1886.10 637.32 32.03 -0.10 -41.72 0.00
-1181.39 1259.51 32.03 2.75 -91.16 0.00
-1402.43 1240.19 32.03 -0.16 -132.96 0.00
-2177.23 1167.24 32.03 0.08 -0.88 0.00
-1693.22 1382.57 32.03 0.27 -90.56 0.00
-2145.17 1827.29 19.68 -0.71 49.79 0.00
-2192.65 2182.34 7.49 2.61 -179.13 0.00
-1659.73 1632.67 16.28 -0.24 86.56 0.00
-2154.55 2377.06 6.40 0.19 -2.06 0.00
-1988.30 3098.43 32.03 0.96 179.93 0.00
-2071.35 3113.22 32.03 -0.41 -90.44 0.00
-2087.16 2912.96 32.03 -0.68 -0.71 0.00
-1366.23 2563.19 5.27 -1.75 -126.74 0.00
-1364.02 2758.62 11.44 -0.46 -179.74 0.00
-1074.26 2622.93 137.35 2.42 -153.69 0.00
-1201.94 2071.32 4.26 -1.15 89.01 0.00
-736.14 2553.41 -78.20 3.98 -91.79 0.00
-272.03 1763.22 -127.06 -0.35 -179.21 0.00
-273.73 1501.46 -124.70 -0.38 179.00 0.00
-274.48 1341.23 -98.51 0.02 -178.13 0.00
-758.82 1338.44 -111.96 0.96 90.75 0.00
-1136.60 1510.46 -71.86 -1.01 -89.72 0.00
-1196.67 1376.18 -111.96 -0.87 1.87 0.00
-99.84 1577.37 0.03 0.49 -89.94 0.00
40.08 1579.67 0.03 -0.85 -90.38 0.00
379.27 1362.48 0.03 -0.38 88.72 0.00
459.71 1764.62 0.03 1.18 -89.82 0.00
489.20 1938.81 96.03 8.69 -120.13 0.00
