2697.31 1646.46 160.03 0.38 179.68 0.00
1888.14 1485.16 160.03 -0.08 179.54 0.00
1615.35 1636.84 160.03 -0.13 0.11 0.00
2588.55 1857.56 128.03 -1.89 179.32 0.00
2597.68 2239.99 128.03 -1.09 178.61 0.00
2556.15 2601.90 142.04 0.52 -168.18 0.00
2226.34 2075.96 160.03 0.38 -0.49 0.00
1644.92 2702.65 160.03 -0.02 -90.02 0.00
2215.72 2860.65 152.03 0.93 -89.31 0.00
1882.06 2973.72 137.16 1.67 105.19 0.00
1548.71 2984.39 126.88 0.05 -91.75 0.00
1317.88 2644.42 141.75 0.66 87.78 0.00
964.66 2865.84 128.03 0.66 89.74 0.00
653.73 3065.12 160.03 1.01 90.79 0.00
803.67 3572.86 158.53 0.96 179.53 0.00
472.87 3597.54 160.03 0.13 -92.27 0.00
540.68 3161.69 160.07 0.27 179.45 0.00
271.91 3162.08 160.06 -0.32 -52.37 0.00
742.33 2983.94 133.02 0.05 -90.40 0.00
455.11 2444.48 160.03 0.11 90.46 0.00
313.56 2445.33 160.03 -0.49 92.63 0.00
33.96 2443.12 160.03 -0.41 89.38 0.00
3.45 2658.18 160.03 0.46 0.06 0.00
39.01 3247.31 160.04 -0.05 -89.71 0.00
878.50 2353.82 144.03 -1.26 128.77 0.00
868.36 1896.99 134.95 0.74 179.62 0.00
381.21 2123.83 134.03 1.98 -109.01 0.00
230.07 1203.34 96.03 -1.15 88.57 0.00
-93.54 1375.50 106.03 2.75 0.30 0.00
843.39 726.26 96.03 -0.27 -89.89 0.00
668.21 725.51 96.03 0.24 -92.56 0.00
373.95 722.64 96.03 2.50 -138.84 0.00
35.92 435.76 70.14 -0.13 43.58 0.00
-565.91 910.28 -31.96 -1.15 -91.04 0.00
-432.03 450.95 42.03 0.88 -179.07 0.00
-863.38 663.67 -27.49 -2.50 1.62 0.00
-722.42 824.65 -31.96 -0.41 -90.55 0.00
-1493.59 33.03 -63.96 -1.07 88.00 0.00
-1799.87 -38.97 -55.17 1.76 131.70 0.00
-1959.57 43.63 -58.34 0.90 -1.44 0.00
-1853.51 313.32 -63.96 -0.41 0.75 0.00
-1593.74 877.96 -55.96 -0.27 -91.61 0.00
-957.56 239.96 0.03 0.63 -90.65 0.00
-1003.33 -386.93 0.03 -1.59 -0.26 0.00
-759.08 -467.09 -5.29 -0.19 88.31 0.00
-210.91 12.51 33.63 -1.15 -91.04 0.00
32.68 -190.20 72.03 -1.09 -0.53 0.00
664.34 10.28 93.96 1.67 -143.29 0.00
-389.19 378.53 182.03 -0.54 -90.32 0.00
-203.34 68.32 182.03 -0.30 89.49 0.00
38.26 321.46 182.03 0.13 178.23 0.00
197.92 205.51 182.03 0.30 -90.21 0.00
89.69 206.90 182.03 3.05 -91.61 0.00
-394.00 -614.87 192.03 0.24 89.77 0.00
866.70 -791.96 97.27 0.13 91.67 0.00
786.44 -466.30 96.03 -4.04 -43.07 0.00
942.22 -83.08 102.17 2.61 -179.00 0.00
936.28 235.60 96.47 1.07 133.56 0.00
1064.83 -548.65 256.03 0.05 90.49 0.00
994.48 -342.94 256.03 -0.24 1.39 0.00
1010.35 -274.26 256.03 0.41 90.19 0.00
938.69 -120.06 256.03 7.37 -179.60 0.00
1840.03 -183.58 256.03 2.33 0.71 0.00
2074.31 -363.90 256.03 2.22 89.61 0.00
1955.34 -195.20 80.03 -0.68 -1.76 0.00
2609.81 -487.10 107.11 -0.96 132.98 0.00
2663.35 -241.71 80.03 -0.76 -179.54 0.00
2659.68 -54.56 80.03 -1.07 176.21 0.00
1902.69 -106.56 127.02 -0.52 139.39 0.00
1404.15 -103.03 128.76 -1.81 89.73 0.00
2086.43 180.80 160.03 3.60 -89.50 0.00
1810.24 279.72 160.03 -0.41 47.71 0.00
1814.96 695.24 160.03 0.99 -51.00 0.00
1996.30 702.29 160.03 -1.01 -90.32 0.00
2520.46 46.62 212.03 3.49 178.42 0.00
2508.78 564.68 212.03 0.74 -90.65 0.00
2492.65 945.48 160.03 0.41 178.67 0.00
1290.48 1222.39 166.51 -0.10 -0.48 0.00
2289.73 1400.43 160.03 0.88 -0.45 0.00
2554.38 1066.46 160.03 -0.19 90.15 0.00
