-1986.73 -1903.01 -290.04 -3.65 0.41 0.00
-918.44 -2589.00 -167.96 1.10 127.57 0.00
-1406.18 -2138.74 -235.96 1.21 174.68 0.00
-1413.54 -1603.13 -245.90 1.56 178.67 0.00
-1702.53 -1141.44 -187.96 -3.24 -1.17 0.00
-1364.30 -1154.84 -117.11 10.56 178.89 0.00
-1697.51 -781.59 -167.96 1.15 0.28 0.00
-1710.21 -528.13 -167.96 1.23 179.72 0.00
-1919.29 -307.41 -167.96 1.26 -90.59 0.00
-2264.36 -692.30 -167.96 -0.16 89.91 0.00
-2414.26 -190.84 -159.84 0.44 0.42 0.00
-1670.81 -252.14 -163.96 -0.96 88.12 0.00
-2194.71 93.44 -159.96 -1.07 45.99 0.00
-2630.74 308.00 -165.12 0.02 -2.97 0.00
-2311.85 798.10 -123.14 0.93 -0.42 0.00
-2030.49 848.87 -47.96 2.88 -88.50 0.00
-1253.42 425.30 -167.96 -0.52 179.40 0.00
-1197.73 -104.81 -52.58 23.12 2.82 0.00
-1038.22 -59.31 -167.96 -2.41 -92.84 0.00
-900.58 -410.30 -159.14 -0.08 -1.15 0.00
-697.84 -255.03 -157.96 1.15 -178.61 0.00
-1713.07 859.68 -47.96 1.29 -91.60 0.00
-1048.02 443.26 -79.96 25.54 1.62 0.00
-1174.45 434.55 -79.96 0.11 -1.40 0.00
-433.42 802.12 -83.96 2.55 1.20 0.00
-230.66 878.52 -133.34 -3.62 -94.79 0.00
-1038.23 422.18 -367.96 -1.07 -0.74 0.00
-941.45 -232.68 -363.96 1.67 -179.68 0.00
-1064.41 -759.32 -263.96 0.27 0.11 0.00
-944.03 -411.89 -263.96 -0.30 -179.29 0.00
547.83 884.66 -135.96 1.54 -94.04 0.00
170.46 631.83 -242.80 1.23 -1.42 0.00
171.34 263.39 -255.96 2.09 -1.72 0.00
168.63 126.51 -165.96 -1.09 -48.58 0.00
498.83 -195.05 -160.13 1.67 178.09 0.00
515.08 -505.63 -155.96 -0.16 179.42 0.00
489.02 -929.01 -160.43 -0.96 153.48 0.00
165.11 -933.01 -161.28 0.68 90.76 0.00
-354.45 -893.45 -167.96 0.60 0.45 0.00
-103.92 -337.45 -159.96 0.02 -89.87 0.00
929.07 672.77 -237.88 2.69 -36.55 0.00
1280.16 526.99 -259.96 0.41 90.55 0.00
1051.10 274.90 -243.96 0.27 53.75 0.00
1446.32 -153.20 -147.97 0.96 179.43 0.00
589.26 -1129.09 -127.96 1.48 -83.13 0.00
810.58 -1711.68 -108.96 1.34 124.62 0.00
457.30 -1453.15 -175.96 -0.52 179.59 0.00
1343.40 -1479.96 -167.96 -0.27 90.30 0.00
953.90 -1384.03 -167.96 -0.79 -89.32 0.00
1062.28 -2300.35 -39.96 -0.71 179.60 0.00
277.42 -2045.19 -39.96 -0.08 0.24 0.00
57.52 -2372.65 -39.96 0.71 91.18 0.00
149.53 -2051.02 -37.96 2.31 -178.06 0.00
141.34 -2040.24 -167.96 0.19 178.30 0.00
169.23 -1707.07 -167.96 -0.10 179.51 0.00
-17.70 -1419.49 -167.97 -0.24 -90.80 0.00
-136.81 -1426.08 -72.13 0.24 -56.56 0.00
-314.27 -1509.40 -164.41 0.00 -94.13 0.00
-250.10 -2372.12 -167.55 0.24 50.84 0.00
-391.45 -2383.00 -165.37 1.45 123.69 0.00
-656.54 -2510.19 -167.97 0.33 113.71 0.00
-780.61 -861.98 -167.96 -0.10 -90.33 0.00
-524.32 -1031.68 -167.96 1.65 178.75 0.00
-501.45 -1322.49 -159.96 1.76 179.68 0.00
-998.95 -1308.86 -157.01 1.21 -145.60 0.00
-1246.24 -1520.30 -152.60 0.02 89.65 0.00
-1122.56 -1169.80 -167.96 -0.96 112.39 0.00
-1153.65 -463.96 -167.96 -0.57 -91.40 0.00
-1242.25 -753.56 -128.96 1.29 23.13 0.00
