3186.48 -1004.83 -351.96 -0.16 -0.30 0.00
3443.02 -1071.99 -351.96 -0.41 88.40 0.00
2910.72 -281.60 -351.96 -0.08 -89.21 0.00
1920.19 -874.37 -351.96 1.87 131.49 0.00
1044.36 -684.47 -415.96 0.63 -0.69 0.00
1385.51 -356.36 -415.96 -0.13 178.00 0.00
1189.00 -318.05 -103.96 1.26 -88.35 0.00
1325.30 -314.29 -103.96 1.29 -89.87 0.00
1057.64 -1487.43 -103.96 -0.10 89.84 0.00
2429.96 -1785.02 -415.96 0.85 -88.57 0.00
2238.75 -1724.54 -415.96 0.13 88.49 0.00
2098.22 -1722.90 -415.96 -0.24 -177.81 0.00
2011.98 -2320.45 -415.96 -0.71 89.54 0.00
1551.44 -2191.17 -415.96 -0.10 -0.62 0.00
1483.81 -1703.24 -415.96 -0.79 -179.43 0.00
1485.54 -2388.12 -415.96 -1.31 179.22 0.00
1212.36 -2471.07 -415.96 -0.63 119.90 0.00
660.68 -2153.57 -415.96 -1.07 -0.84 0.00
384.71 -1570.85 -415.96 -0.13 -92.74 0.00
145.17 -1958.08 -415.96 0.60 -101.34 0.00
38.09 -1882.45 -415.96 0.33 -178.87 0.00
-323.74 -1204.90 -415.96 0.19 -89.90 0.00
-946.48 -930.94 -416.04 -0.52 179.34 0.00
-1347.34 -913.11 -391.96 1.81 -89.30 0.00
-1064.61 -1254.92 -379.49 0.19 -179.69 0.00
-1065.08 -1191.69 -379.49 0.11 179.45 0.00
-1801.51 -1348.05 -415.96 0.33 -90.39 0.00
-1700.32 -962.23 -405.71 -0.05 178.44 0.00
-2424.05 -1269.51 -415.96 -0.02 89.01 0.00
-2541.54 -658.52 -411.33 0.85 179.78 0.00
-404.95 -228.02 -415.96 -0.96 -89.07 0.00
-532.28 -1146.77 -415.96 -0.71 179.54 0.00
234.31 -285.27 -171.96 -0.74 -133.73 0.00
-245.26 -286.66 -171.96 -0.10 -89.56 0.00
234.54 -1319.97 -271.96 1.43 179.82 0.00
236.66 -1117.49 -171.96 2.09 179.46 0.00
-462.29 -1056.68 -415.96 -0.16 -0.79 0.00
-236.67 -1273.90 -415.96 -0.41 -1.23 0.00
188.96 -689.73 -287.96 0.71 -90.06 0.00
190.18 -1132.65 -287.96 0.33 89.59 0.00
395.75 -1179.96 -383.96 -0.54 -89.29 0.00
452.99 -947.07 -383.96 2.17 -179.57 0.00
209.90 -1134.29 -383.96 0.96 90.58 0.00
-237.25 -579.08 -415.96 0.71 -1.61 0.00
161.15 -609.50 -415.96 0.33 89.37 0.00
19.31 -310.75 -415.96 1.40 0.30 0.00
319.44 -215.06 -415.96 0.90 89.98 0.00
961.71 -226.23 -415.96 0.55 91.13 0.00
1122.32 139.69 -415.96 0.30 -90.36 0.00
582.12 939.66 -479.96 0.13 -91.32 0.00
634.32 -18.18 -639.96 -12.18 89.60 0.00
343.15 -273.70 -639.96 -0.38 -89.28 0.00
885.30 -274.45 -767.96 -0.60 -90.05 0.00
345.90 -1341.39 -767.96 0.46 0.33 0.00
25.57 -976.14 -767.96 0.02 -0.98 0.00
1335.96 -368.33 -639.96 0.71 -178.43 0.00
1254.28 -987.16 -767.96 -0.49 178.67 0.00
532.40 -1624.70 -639.96 -1.15 0.50 0.00
1068.49 -1916.91 -639.96 -0.46 -0.18 0.00
1621.27 -1997.51 -639.96 -0.19 89.21 0.00
1474.92 -2214.81 -639.96 0.63 91.86 0.00
508.05 -1655.13 -415.96 -0.49 0.97 0.00
385.01 -1454.87 -415.96 0.44 89.25 0.00
901.02 -1454.26 -415.96 -0.65 90.90 0.00
485.47 -336.00 -415.96 0.57 -87.51 0.00
693.11 -631.25 -415.96 -2.00 91.12 0.00
665.17 -1500.65 -127.96 -0.90 90.90 0.00
626.33 -282.45 -127.96 -0.54 -89.21 0.00
