-3104.42 729.34 480.03 -0.71 5.27 0.00
-2108.09 401.41 480.03 0.27 126.88 0.00
-1660.75 655.25 480.03 0.46 169.31 0.00
-2186.76 1019.37 480.03 -0.13 -117.39 0.00
-2342.93 1234.61 480.03 0.71 154.29 0.00
-2655.25 1666.54 362.03 3.96 -90.09 0.00
-1871.47 965.10 480.03 17.18 151.57 0.00
-1877.95 1065.26 354.99 -0.13 125.39 0.00
-2227.53 716.16 256.03 0.30 -22.25 0.00
-1963.43 449.45 256.03 -0.13 66.13 0.00
-1773.42 332.62 256.03 2.31 62.30 0.00
-2209.31 198.99 128.03 0.57 14.07 0.00
-1922.45 258.10 160.03 4.23 -52.58 0.00
-1865.51 -732.65 128.03 -1.20 87.61 0.00
-1741.90 86.30 123.87 -0.49 22.85 0.00
-1337.72 -134.54 2.69 -2.39 88.96 0.00
-791.10 457.99 96.03 1.26 -122.34 0.00
-503.78 385.34 24.96 0.46 -83.62 0.00
-869.05 -445.56 96.03 1.43 177.09 0.00
-865.54 -579.33 96.03 -0.43 -177.92 0.00
-1510.87 -355.25 29.12 0.30 -90.00 0.00
-1623.91 -1083.67 96.03 -1.73 89.98 0.00
-1750.26 -618.37 128.28 -1.04 0.96 0.00
-330.70 -722.26 51.56 0.24 -95.19 0.00
-295.43 -1545.59 9.80 1.40 -90.35 0.00
-459.91 -1548.07 136.03 -0.13 115.69 0.00
-975.73 -1446.08 144.03 1.12 8.39 0.00
-298.33 -1862.67 145.96 -0.35 -174.86 0.00
-154.15 -1857.56 147.89 -0.46 -90.90 0.00
15.96 -1911.89 176.03 -0.16 178.51 0.00
-656.45 -2091.84 152.03 -0.35 -91.89 0.00
-397.42 -2632.23 160.03 -1.59 175.07 0.00
-1562.08 -3354.11 308.03 0.24 -134.54 0.00
-1033.80 -2537.31 184.03 3.02 -48.52 0.00
-913.11 -2256.51 147.27 -0.71 -94.00 0.00
-1594.48 -1982.01 336.03 0.44 -179.36 0.00
-1686.56 -2142.32 336.03 0.85 -0.61 0.00
-1594.48 -1846.77 96.03 -0.37 179.97 0.00
-1909.63 -1525.45 96.03 -1.17 -90.12 0.00
-2040.34 -803.34 128.03 0.28 -90.45 0.00
-2006.00 -1135.49 128.03 1.02 91.12 0.00
-2010.78 -1225.85 240.03 0.39 2.11 0.00
-2067.34 -1223.01 432.03 1.30 -179.22 0.00
-1851.82 -2596.01 420.78 -1.00 134.99 0.00
-2850.01 -2974.58 480.46 -1.44 71.88 0.00
-3102.13 -2485.65 478.26 -1.58 23.12 0.00
-2351.61 -1637.36 484.14 -0.40 -117.83 0.00
-3066.03 -1042.34 520.06 0.11 -87.78 0.00
-2867.28 -1047.00 448.23 1.35 -38.27 0.00
-2869.97 -1624.08 442.29 1.16 50.93 0.00
-3553.14 -2506.51 475.25 -0.56 73.09 0.00
-3408.93 -1046.88 508.97 -0.12 -134.99 0.00
-3956.67 -1315.02 513.81 0.88 0.19 0.00
-3574.57 -503.47 500.39 0.91 -91.65 0.00
-3278.44 -340.19 529.77 0.88 87.53 0.00
-3221.37 -693.71 488.03 -0.37 178.59 0.00
-2571.08 -491.87 432.03 -0.45 -179.28 0.00
-2581.51 -595.03 432.03 1.30 -1.28 0.00
-2749.67 -162.69 432.03 -0.29 -2.29 0.00
-2240.84 70.82 419.53 -0.45 -90.05 0.00
-2383.55 138.77 431.59 -2.49 153.34 0.00
-2348.68 -443.70 391.72 1.96 0.17 0.00
-2348.68 -650.94 390.96 2.53 -1.41 0.00
-1992.06 -946.01 394.71 0.09 172.82 0.00
