475.64 1855.48 352.03 1.12 -90.11 0.00
53.28 1870.87 352.30 1.48 -92.58 0.00
526.87 1287.63 352.03 0.35 179.77 0.00
-293.59 1404.65 352.03 -0.21 -89.31 0.00
-244.32 781.08 336.03 1.70 179.69 0.00
-559.14 833.51 272.03 -0.49 -89.44 0.00
-348.44 249.98 272.03 2.06 -89.19 0.00
-165.43 -55.76 256.03 0.13 179.11 0.00
-705.01 181.43 264.03 0.08 90.29 0.00
-1431.03 773.54 185.03 8.35 -89.63 0.00
-1438.38 852.18 17.03 0.24 145.95 0.00
-1528.92 1480.50 47.32 0.08 -0.61 0.00
-1133.90 1569.23 26.73 -0.11 -90.37 0.00
-918.43 1812.00 48.03 0.43 -0.75 0.00
-359.72 1850.54 192.03 0.98 -88.94 0.00
-687.35 1665.67 192.03 1.15 -0.75 0.00
784.14 1302.69 352.03 -0.02 89.61 0.00
727.34 1804.22 352.03 0.27 -0.61 0.00
1131.51 1869.54 352.03 1.18 -89.95 0.00
1829.38 1801.12 344.03 -0.76 179.92 0.00
1880.82 1683.67 224.03 13.50 -89.13 0.00
1793.70 1830.11 209.03 1.81 0.60 0.00
2291.29 599.64 95.40 0.33 89.73 0.00
2204.63 508.75 16.03 1.32 178.69 0.00
2205.67 293.19 16.03 1.65 -179.48 0.00
1773.51 555.78 -19.96 0.00 -178.96 0.00
1406.94 702.88 46.03 0.00 -89.37 0.00
1532.68 -19.56 16.03 -0.46 178.89 0.00
1236.65 -549.39 16.03 4.56 179.74 0.00
928.06 238.64 224.03 -0.08 -89.09 0.00
885.31 37.90 224.03 -0.10 0.22 0.00
1678.33 118.77 208.03 -0.87 90.12 0.00
1199.73 484.33 176.35 -1.12 51.21 0.00
1299.34 1105.81 224.02 1.21 -1.17 0.00
1521.22 1050.95 224.03 0.05 89.85 0.00
1853.79 600.05 185.67 -0.96 89.44 0.00
-10.50 -1539.08 -80.13 2.42 -60.07 0.00
414.30 -1465.62 -95.96 -2.96 89.63 0.00
118.64 -976.15 -42.67 0.52 -1.82 0.00
-51.10 -506.90 -47.96 -0.49 -90.07 0.00
-284.95 -705.70 -47.96 -0.05 -89.95 0.00
-154.62 -1050.12 -47.96 -1.01 179.78 0.00
-718.29 -863.39 -47.96 0.38 -0.03 0.00
-464.27 -905.54 -47.96 -9.95 91.35 0.00
-1085.95 -884.31 -43.28 -2.08 -93.08 0.00
-1634.82 -830.26 24.03 0.35 73.89 0.00
-1351.23 -830.92 24.06 0.55 106.92 0.00
-1371.86 -356.65 24.08 -0.90 89.43 0.00
-1994.34 -265.97 7.04 -0.30 87.86 0.00
-1626.04 812.00 31.43 0.24 -91.05 0.00
-659.81 185.86 80.03 1.26 134.19 0.00
-801.41 671.84 89.69 1.89 -178.85 0.00
-1147.48 1181.01 101.33 0.74 -88.35 0.00
-814.26 -579.54 34.49 1.59 -0.57 0.00
-207.85 -650.57 18.75 -2.61 90.22 0.00
-307.05 -195.85 44.71 -0.19 0.35 0.00
523.67 -60.70 62.59 -0.02 -179.62 0.00
380.65 279.82 91.18 -1.78 179.85 0.00
470.94 491.11 128.03 -0.10 89.68 0.00
652.88 530.83 128.03 0.08 90.17 0.00
-523.55 978.47 37.17 -0.05 90.78 0.00
-433.73 1464.74 32.03 0.13 179.30 0.00
