2242.02 -2584.09 128.03 -0.41 90.03 0.00
1954.76 -2357.27 128.03 -0.96 -1.07 0.00
2337.51 -1807.71 128.03 -0.16 179.87 0.00
1179.49 -1884.51 64.03 -0.88 91.35 0.00
624.10 -1884.00 64.03 -0.79 90.83 0.00
291.72 -1882.33 64.03 -0.38 45.51 0.00
150.37 -1268.62 64.03 -0.60 2.61 0.00
549.32 -958.05 128.03 0.46 -1.97 0.00
477.26 -955.94 128.03 0.11 -179.37 0.00
134.24 -1129.51 128.03 -0.19 48.07 0.00
124.34 -681.57 128.03 -0.05 -0.43 0.00
397.86 -747.51 128.03 -0.19 89.38 0.00
910.51 313.11 128.03 -0.08 179.19 0.00
337.32 482.26 128.03 -0.19 0.44 0.00
1882.24 917.34 128.03 0.11 87.45 0.00
1493.34 1168.56 128.03 0.00 -1.77 0.00
2197.78 1168.69 128.03 -0.52 87.62 0.00
1902.95 1746.47 128.03 -0.30 86.72 0.00
1848.03 2252.94 128.03 -0.38 179.83 0.00
2679.25 2345.28 128.03 0.52 -90.70 0.00
3513.51 2160.01 128.03 0.22 -177.62 0.00
3381.51 1288.55 128.03 -0.85 179.21 0.00
2694.44 2238.44 -63.96 -0.82 -91.85 0.00
3241.02 2157.54 -63.96 -0.74 -90.00 0.00
3612.65 1016.19 -63.96 -0.10 179.18 0.00
2694.13 1903.43 32.03 9.24 -54.66 0.00
2395.20 2118.37 -63.96 0.02 -90.05 0.00
2225.73 1015.31 -63.96 0.00 0.03 0.00
2895.96 732.15 -63.96 -8.11 -179.62 0.00
2645.21 862.35 132.03 1.12 -89.06 0.00
3612.65 1015.88 128.03 -0.68 179.35 0.00
3899.51 841.01 128.03 -0.32 -91.18 0.00
3380.32 448.89 128.03 -0.05 -0.04 0.00
3793.12 -37.38 128.03 0.08 1.16 0.00
3793.12 -679.87 128.03 -0.41 -0.04 0.00
4281.48 -595.12 128.03 -2.33 -90.30 0.00
3919.52 -835.50 160.03 -1.04 -90.74 0.00
3395.97 -1780.08 96.03 -1.92 107.42 0.00
2989.44 -1796.60 128.03 0.08 69.82 0.00
3590.54 214.01 72.03 1.37 179.16 0.00
2830.49 147.32 128.03 -0.10 90.36 0.00
2584.08 429.54 80.03 3.13 -92.17 0.00
1936.73 -18.48 128.03 -0.43 -90.57 0.00
1566.80 -70.19 128.03 -0.38 -89.83 0.00
1567.23 -461.64 128.03 1.65 89.93 0.00
1107.96 265.60 128.03 -0.32 -1.14 0.00
901.00 -1672.56 144.03 -0.60 87.70 0.00
1642.21 -1421.91 124.03 -0.52 151.22 0.00
1857.51 635.25 128.03 0.33 179.88 0.00
2192.19 138.46 128.03 -0.27 89.46 0.00
3038.72 694.52 -63.96 -0.30 89.45 0.00
3044.97 689.73 92.28 0.41 91.10 0.00
2084.41 1006.53 128.03 0.05 0.25 0.00
4335.96 -1423.86 164.03 -53.70 0.35 0.00
3153.29 -632.98 96.03 0.41 117.51 0.00
