840.02 2042.28 -10.96 -1.04 -89.82 0.00
1492.93 1650.57 -2.96 0.82 1.03 0.00
1803.70 1855.70 -11.96 -0.85 -88.93 0.00
2020.39 1847.54 0.03 -7.14 -90.50 0.00
2471.15 1576.26 145.03 1.73 -89.26 0.00
2468.48 1309.00 145.03 0.46 0.05 0.00
3559.60 1384.49 82.03 3.98 -89.64 0.00
3539.73 1479.93 -57.96 0.77 -2.05 0.00
3730.15 1543.90 -58.96 -0.35 -89.06 0.00
3588.42 785.73 -50.96 0.88 89.57 0.00
3813.47 492.77 -41.96 0.93 178.80 0.00
3441.17 1170.92 1.03 1.23 -89.94 0.00
3157.43 789.12 1.03 1.21 91.00 0.00
3066.29 1364.19 1.03 1.29 179.16 0.00
2992.49 719.61 1.03 0.35 88.94 0.00
2955.90 364.26 -40.96 -0.16 -90.02 0.00
2737.03 365.49 -40.96 0.38 -89.47 0.00
2299.90 -395.51 -40.96 -1.15 89.93 0.00
2853.58 -148.32 -38.10 0.46 -89.71 0.00
2619.01 -674.48 -39.96 0.19 -91.72 0.00
3162.48 -1997.50 -66.18 -0.08 142.18 0.00
2542.26 -2263.62 -34.96 0.16 178.68 0.00
1932.52 -2203.61 -39.96 -0.24 90.02 0.00
1278.34 -1643.33 -39.96 -0.38 -0.50 0.00
1178.90 -1532.67 -39.96 12.45 90.85 0.00
1657.18 -419.73 -39.96 -0.60 -88.96 0.00
1239.54 -959.20 -167.96 -0.16 179.89 0.00
383.91 -1303.06 -167.96 -0.68 90.13 0.00
-309.12 -936.62 -167.96 -0.35 -90.56 0.00
-362.67 -842.25 48.03 0.30 -0.36 0.00
-791.02 -1040.03 -14.96 1.45 -95.86 0.00
-700.51 -579.19 -39.96 -7.72 -0.41 0.00
-60.67 -232.34 65.03 0.44 -90.44 0.00
-467.00 -410.51 65.03 -3.40 90.03 0.00
-139.96 -46.26 1.03 -0.30 89.04 0.00
463.87 404.87 25.03 0.55 178.91 0.00
168.72 -173.51 -44.96 -0.30 89.95 0.00
114.68 -303.08 30.24 0.79 -0.35 0.00
97.73 -670.46 47.31 0.00 -0.10 0.00
450.78 -839.96 47.03 18.09 -88.92 0.00
702.12 -404.64 47.03 0.19 0.17 0.00
1539.04 -363.35 41.03 0.63 89.21 0.00
818.48 -59.90 42.70 -1.62 -179.67 0.00
668.34 335.82 -13.80 -0.46 -0.92 0.00
1531.14 767.67 40.03 -0.02 -89.77 0.00
1668.18 274.18 25.03 0.19 -0.23 0.00
2279.54 307.73 1.03 -0.05 90.78 0.00
2069.22 740.94 1.03 -0.27 -0.17 0.00
347.65 603.34 1.03 0.13 90.34 0.00
1086.87 970.08 0.03 -0.98 -179.48 0.00
531.73 1081.93 0.03 0.41 0.36 0.00
533.34 1215.29 0.03 -0.60 3.47 0.00
1124.14 1240.41 144.35 27.30 179.39 0.00
218.67 1325.73 0.03 0.08 89.25 0.00
-100.34 1137.21 64.03 -5.00 -179.61 0.00
-688.28 1198.87 128.03 -0.49 -89.16 0.00
-470.71 808.67 129.03 0.82 -89.74 0.00
1748.12 1120.52 1.03 0.44 -0.25 0.00
