1993.65 -369.32 -215.96 -0.00 179.89 0.00
1873.84 -583.64 -215.96 10.88 -179.36 0.00
2020.45 -949.62 -318.67 0.43 -179.38 0.00
1745.60 -888.01 -317.13 -1.04 -90.42 0.00
1641.76 -860.28 -319.96 -0.27 -179.08 0.00
1951.23 -1278.97 -303.96 0.21 -179.87 0.00
1610.60 -1602.83 -317.51 -0.02 90.00 0.00
2027.38 -1553.71 -325.66 1.18 -0.63 0.00
2000.97 -1727.32 -319.96 -0.52 179.60 0.00
1368.54 -1303.72 -351.96 -0.27 -179.84 0.00
409.83 -431.02 -212.58 -0.19 -44.87 0.00
403.31 -615.36 -224.13 0.16 -1.64 0.00
1071.50 -577.71 -216.17 1.10 -137.49 0.00
45.45 -1272.99 -286.96 -65.94 -89.07 0.00
1386.82 -1542.02 -351.96 -0.24 178.86 0.00
1241.09 -902.62 -319.96 1.87 -2.61 0.00
460.52 -841.45 -319.96 1.59 -89.42 0.00
-493.45 -1473.81 -351.96 -0.13 -0.26 0.00
-495.99 -1279.72 -355.96 -0.43 -0.15 0.00
304.16 -1288.93 -303.48 2.47 2.09 0.00
-204.10 -1280.41 -303.48 -0.24 179.13 0.00
-1053.54 -1735.28 -151.96 -2.22 0.58 0.00
-1045.51 -1507.93 -151.96 1.95 0.16 0.00
-915.22 -1292.46 -151.96 -0.43 -179.65 0.00
-1108.98 -1350.27 -95.96 -0.49 89.98 0.00
-1153.51 -1286.88 -95.96 1.51 0.28 0.00
-1151.96 -673.76 -95.96 0.90 -0.98 0.00
-729.34 -816.03 -175.96 -0.08 -90.16 0.00
-590.09 -232.24 16.03 0.46 -179.28 0.00
-964.43 -451.37 16.03 0.16 90.40 0.00
-1003.96 -13.93 16.03 13.50 179.80 0.00
-1003.96 309.01 16.03 10.53 -179.61 0.00
-823.52 -40.82 12.03 -42.04 -179.06 0.00
-821.08 230.34 12.03 -30.74 -179.99 0.00
-582.69 627.71 32.03 1.15 179.80 0.00
-893.50 887.30 32.03 1.40 0.34 0.00
-876.32 1168.75 -223.96 2.03 -179.58 0.00
-1593.44 1121.41 -191.96 0.88 177.27 0.00
-1807.31 1083.74 -191.96 0.16 90.15 0.00
-2232.88 1289.83 -221.69 -1.04 1.00 0.00
-2037.33 1407.12 -191.96 -0.35 2.76 0.00
-568.50 1703.85 -209.96 -0.85 -89.46 0.00
-581.69 355.30 -215.96 -0.24 -179.66 0.00
-943.63 312.96 -215.96 0.52 89.06 0.00
-672.42 601.22 -215.96 0.85 -91.66 0.00
-684.59 708.60 -215.96 3.32 0.18 0.00
-350.99 1241.41 -136.94 16.08 90.82 0.00
203.23 1252.63 -213.87 2.44 104.60 0.00
636.13 1440.32 -223.96 0.27 89.72 0.00
1002.69 1447.86 -223.96 0.93 -0.55 0.00
1286.38 1765.88 -222.80 -0.08 -88.83 0.00
1371.47 1224.81 -223.96 1.59 179.86 0.00
1371.53 1101.97 -223.96 1.87 -179.69 0.00
1496.84 682.23 -215.96 0.57 179.51 0.00
1956.65 498.03 -219.96 -0.93 179.89 0.00
1955.69 -161.58 -219.96 -0.74 179.40 0.00
-349.44 -386.28 -215.96 0.66 179.07 0.00
-206.80 31.58 -215.96 0.08 -179.99 0.00
-118.08 31.00 -215.96 -1.23 -5.12 0.00
-477.54 649.90 -215.96 0.49 1.17 0.00
-29.42 680.32 -215.96 3.65 -89.71 0.00
447.31 685.54 -211.96 0.41 0.13 0.00
912.21 730.94 -211.96 -0.68 -90.39 0.00
1003.70 195.37 -215.96 -1.09 177.47 0.00
837.99 -472.14 40.03 0.44 131.47 0.00
624.44 -328.25 40.03 1.26 0.02 0.00
558.27 -5.27 -139.07 -8.44 131.89 0.00
