-698.66 252.96 11488.03 1.10 90.58 0.00
-647.23 379.04 11488.03 0.24 179.33 0.00
-1089.74 230.08 11488.03 -0.41 90.09 0.00
-1043.39 620.85 11488.03 0.33 -179.48 0.00
-1178.49 1024.00 11488.03 78.38 90.09 0.00
-1711.97 667.03 11488.03 -0.56 -1.00 0.00
-1409.49 -468.67 11488.03 -0.48 89.68 0.00
-1611.68 -13.14 11520.03 1.77 0.36 0.00
-1846.79 518.67 11488.03 -0.31 -89.44 0.00
-2398.93 -26.06 11488.03 -0.89 -89.63 0.00
-2029.23 -301.24 11488.03 -1.25 -179.83 0.00
-1881.08 -647.37 11488.03 -0.48 -179.83 0.00
-1725.34 -1081.14 11488.03 -0.18 -179.78 0.00
-1884.89 -1535.95 11488.03 73.32 -89.99 0.00
-2114.26 -1313.63 11488.03 1.08 0.14 0.00
-2534.83 -859.23 11488.03 -0.86 -2.02 0.00
-2189.90 -1217.53 11518.65 -0.29 91.75 0.00
-2262.27 -1220.16 11518.65 -0.23 89.77 0.00
-2542.33 -1461.98 11776.03 -0.56 -0.55 0.00
-2402.04 -716.07 11776.03 0.06 -178.64 0.00
-1723.73 -837.00 11776.03 0.12 179.92 0.00
-1435.36 -558.87 11776.03 -0.40 89.58 0.00
-1330.62 -113.34 11776.03 -0.64 -179.80 0.00
-1807.79 -294.87 11776.03 -0.07 89.33 0.00
-2364.75 -295.96 11770.03 -1.17 90.30 0.00
-2151.39 199.74 11770.03 -0.86 -179.74 0.00
-2166.48 413.23 11776.03 -0.45 178.79 0.00
-2632.94 1097.32 11789.11 67.27 135.42 0.00
-2530.59 559.24 11776.03 0.31 -0.58 0.00
-1692.75 1069.72 11783.61 -0.37 -179.82 0.00
-1474.72 601.49 11776.03 -0.18 89.06 0.00
-2042.49 431.12 11776.03 -0.29 1.12 0.00
-2045.65 132.01 11776.03 -0.42 -0.25 0.00
-1578.87 89.73 11776.03 2.67 89.94 0.00
-1102.93 90.82 11776.03 -0.34 88.98 0.00
-843.48 249.52 11776.03 -0.34 179.40 0.00
-1271.06 536.63 11776.03 0.12 1.17 0.00
-709.00 541.77 11776.03 0.25 90.66 0.00
-376.00 1023.99 11776.03 -0.15 -89.04 0.00
-27.67 392.50 11776.03 -0.56 179.35 0.00
-84.24 11.20 11776.03 -1.11 89.98 0.00
-66.34 -53.45 11776.03 0.14 -179.70 0.00
-686.24 -81.15 11806.65 -0.12 -90.90 0.00
-939.71 -79.08 11776.03 -0.84 -90.28 0.00
-1133.51 -561.60 11776.03 -0.40 -0.27 0.00
-231.53 -1524.78 11776.03 -0.70 89.37 0.00
-963.69 -1390.27 11648.02 0.86 89.78 0.00
-969.80 -628.29 11488.03 -1.41 90.47 0.00
-660.10 -679.06 11565.79 11.67 92.70 0.00
-1054.46 61.54 11488.03 0.36 -90.66 0.00
-663.05 72.41 11488.03 -0.73 -87.55 0.00
