4397.51 1963.53 160.03 -0.49 178.65 0.00
3721.46 2172.44 160.03 5.83 179.75 0.00
2850.52 2200.48 168.03 3.30 91.67 0.00
2100.32 2180.76 160.03 -0.32 -0.99 0.00
2268.65 1470.74 192.03 0.27 179.54 0.00
2172.65 889.38 192.03 -0.02 -179.66 0.00
1769.51 671.94 192.03 -0.27 178.91 0.00
1459.82 1042.45 192.03 -0.46 89.62 0.00
1091.76 1517.53 192.03 -0.79 -88.08 0.00
1365.73 2001.52 192.03 0.52 -1.06 0.00
1631.30 2124.87 192.03 -0.21 -92.20 0.00
1618.48 1697.01 192.03 0.30 -0.81 0.00
1808.03 1157.38 192.03 1.18 176.58 0.00
1006.87 432.01 192.03 5.11 179.57 0.00
62.94 401.73 104.03 0.27 89.92 0.00
16.61 1485.93 81.06 3.35 -0.57 0.00
348.28 1323.31 96.03 0.60 -179.10 0.00
-133.02 881.09 96.03 -0.13 89.16 0.00
-308.19 1589.44 96.03 0.35 89.95 0.00
-728.29 1584.73 96.03 -0.13 90.48 0.00
-1260.34 2216.34 -127.96 0.00 178.86 0.00
-1190.21 2512.87 -123.32 0.27 -179.72 0.00
-1798.13 2782.26 -127.96 2.09 89.68 0.00
-2395.67 2660.22 -127.96 -0.79 0.64 0.00
-587.59 2142.31 96.03 -0.43 -93.48 0.00
-133.41 1964.65 256.03 0.35 -89.46 0.00
199.75 2064.61 256.03 0.49 90.43 0.00
368.72 2383.76 256.03 1.62 178.32 0.00
-76.51 2853.36 192.03 0.52 0.12 0.00
-364.56 3037.81 152.03 9.04 1.66 0.00
73.22 1946.90 256.03 -0.19 89.80 0.00
268.31 4087.71 212.93 6.13 -83.22 0.00
645.69 4054.81 204.08 12.18 -117.43 0.00
944.36 3030.45 29.70 -0.63 137.63 0.00
903.69 3762.45 80.03 -0.46 89.36 0.00
755.34 4260.94 82.03 0.00 -0.58 0.00
1293.51 4224.42 82.03 -0.46 179.92 0.00
1913.13 4031.96 150.12 6.84 -109.56 0.00
2557.49 3744.36 224.03 0.63 179.68 0.00
1824.59 2471.24 70.15 0.16 76.88 0.00
3071.71 2719.51 168.03 -0.21 -90.42 0.00
1530.57 1240.77 0.03 -0.57 176.99 0.00
1923.11 660.48 0.03 -0.05 -90.30 0.00
1774.27 661.34 0.03 1.12 89.54 0.00
1524.22 599.57 -15.96 -1.31 89.57 0.00
963.68 670.03 0.03 0.05 60.23 0.00
918.51 858.47 0.03 0.33 93.01 0.00
1364.47 2059.45 0.03 0.44 -4.74 0.00
1269.62 1661.09 0.03 0.05 178.46 0.00
984.51 2305.24 48.03 1.37 -0.31 0.00
1389.51 2685.90 101.38 -0.85 177.53 0.00
1214.87 2553.44 192.03 -0.57 179.62 0.00
212.37 599.37 96.03 -0.27 90.27 0.00
